Report of Calibration
PSC 2CH-HSS-AR-QD-QF_S/N 0027
2025-12-17 13:58:35

Calibration Current standard: BNL PSC ATE S/N 001
Calibration Volt standard: HP 3458A-002 S/N 2823A 23647
Calibration Resistance standard: Fluke 742A-1 S/N 1063008
End Header


lab{4}Chan1
Burden resistor = 18.0000

Measuring initial gains and offsets
       Itest       dacSP       dcct1       dcct2       dacRB         err
   -1.002138    1.005168   -1.021964   -1.027206    0.996329    0.020366
  -50.007234   50.005536  -49.651264  -49.632854   50.045670    0.048841

                                   dacSP         dcct1         dcct2         dacRB
Initial measured offsets:      -0.003127     -0.027512     -0.033237      0.000000
Initial measured gains:         0.999904      0.992331      0.991849      1.000999
Gain corrections:               0.999904      1.007728      1.008218      1.000000

Writing gain and offset corrections for dacSP, dcct1, and dcct2 to PSC

Measuring DAC readback gain and offset
DAC SP   DAC RB
1.000000   0.994217 
50.000000   50.038815 

Measured offset: -0.006693
Measured gain: 1.000910
Gain correction: 0.999091

Writing gain and offset constants for dacRB to PSC

Verification
       Itest       dacSP       dcct1       dcct2       dacRB         err
   -1.001924    1.001995   -1.002107   -1.002168    1.001415    0.030790
  -50.007532   50.007527  -50.007496  -50.007488   50.006939    0.053123


                                 dacSP         dcct1         dcct2         dacRB
Final measured offsets:      -0.000073     -0.000187     -0.000249     -0.000580
Final measured gains:         0.999998      0.999996      0.999994      1.000000



                                 dacSP         dcct1         dcct2         dacRB
Final measured offsets mean: -0.000010     -0.000105     -0.000152     -0.000194
Final measured offsets stdev: 0.000136      0.000103      0.000111      0.000443
Final measured gains mean:    0.999995      0.999996      0.999993      0.999991
Final measured gains stdev:   0.000007      0.000005      0.000006      0.000013

Saving channel 1 calibration constants to qspi



Page 1 of 2lab{4}Chan2
Burden resistor = 9.0000

Measuring initial gains and offsets
       Itest       dacSP       dcct1       dcct2       dacRB         err
   -1.000919    1.003458   -1.053818   -1.060717    1.000542    0.009636
 -100.013396  100.051774  -99.308701  -99.345604  100.202423    0.137625

                                   dacSP         dcct1         dcct2         dacRB
Initial measured offsets:      -0.002176     -0.060558     -0.067153      0.000000
Initial measured gains:         1.000362      0.992348      0.992652      1.001550
Gain corrections:               1.000362      1.007711      1.007403      1.000000

Writing gain and offset corrections for dacSP, dcct1, and dcct2 to PSC

Measuring DAC readback gain and offset
DAC SP   DAC RB
1.000000   0.999831 
100.000000   100.189552 

Measured offset: -0.002085
Measured gain: 1.001916
Gain correction: 0.998087

Writing gain and offset constants for dacRB to PSC

Verification
       Itest       dacSP       dcct1       dcct2       dacRB         err
   -1.000936    1.001126   -1.001325   -1.001131    1.000887    0.016681
 -100.013844  100.012870 -100.013306 -100.013435  100.011986    0.124358


                                 dacSP         dcct1         dcct2         dacRB
Final measured offsets:      -0.000203     -0.000399     -0.000201     -0.000233
Final measured gains:         0.999988      0.999991      0.999994      0.999993



                                 dacSP         dcct1         dcct2         dacRB
Final measured offsets mean:  0.000055     -0.000217     -0.000196      0.000363
Final measured offsets stdev: 0.000187      0.000203      0.000062      0.000395
Final measured gains mean:    0.999989      0.999988      0.999990      0.999995
Final measured gains stdev:   0.000005      0.000003      0.000003      0.000008

Saving channel 2 calibration constants to qspi





Test data reviewed by ______________________________   Date_____________


Page 2 of 2