Report of Calibration
PSC 4CH-MSF-AR-Fast XY Corr_S/N 0028
2025-09-22 15:49:23

Calibration Current standard: BNL PSC ATE S/N 001
Calibration Volt standard: HP 3458A-002 S/N 2823A 23647
Calibration Resistance standard: Fluke 742A-1 S/N 1063008
End Header


lab{1}Chan1
Burden resistor = 33.3333

Measuring initial gains and offsets
       Itest       dacSP       dcct1       dcct2       dacRB         err
   -0.999494    1.000372   -1.009639   -1.007409    0.998281    0.014210
  -26.997683   26.998374  -26.813124  -26.813038   27.002064    0.070384

                                   dacSP         dcct1         dcct2         dacRB
Initial measured offsets:      -0.000885     -0.017630     -0.015318      0.000000
Initial measured gains:         0.999993      0.992511      0.992593      1.000222
Gain corrections:               0.999993      1.007546      1.007462      1.000000

Writing gain and offset corrections for dacSP, dcct1, and dcct2 to PSC

Measuring DAC readback gain and offset
DAC SP   DAC RB
1.000000   0.998670 
27.000000   27.004198 

Measured offset: -0.001542
Measured gain: 1.000213
Gain correction: 0.999787

Writing gain and offset constants for dacRB to PSC

Verification
       Itest       dacSP       dcct1       dcct2       dacRB         err
   -0.999494    0.999671   -0.999563   -0.999872    0.999186    0.014632
  -26.997654   26.997474  -26.997673  -26.997810   26.997082    0.028979


                                 dacSP         dcct1         dcct2         dacRB
Final measured offsets:      -0.000191     -0.000071     -0.000387     -0.000489
Final measured gains:         0.999986      0.999998      0.999991      1.000004



                                 dacSP         dcct1         dcct2         dacRB
Final measured offsets mean:  0.000248     -0.000199     -0.000309     -0.000293
Final measured offsets stdev: 0.000275      0.000132      0.000116      0.000308
Final measured gains mean:    1.000002      0.999994      0.999992      1.000009
Final measured gains stdev:   0.000013      0.000006      0.000008      0.000006

Saving channel 1 calibration constants to qspi



Page 1 of 4
lab{1}Chan2
Burden resistor = 33.3333

Measuring initial gains and offsets
       Itest       dacSP       dcct1       dcct2       dacRB         err
   -0.999563    1.001440   -1.010197   -1.009902    0.995853    0.003753
  -26.997505   27.005736  -26.824808  -26.822811   27.008068    0.064060

                                   dacSP         dcct1         dcct2         dacRB
Initial measured offsets:      -0.001633     -0.017682     -0.017453      0.000000
Initial measured gains:         1.000244      0.992948      0.992883      1.000305
Gain corrections:               1.000244      1.007102      1.007168      1.000000

Writing gain and offset corrections for dacSP, dcct1, and dcct2 to PSC

Measuring DAC readback gain and offset
DAC SP   DAC RB
1.000000   0.996439 
27.000000   27.010660 

Measured offset: -0.004108
Measured gain: 1.000547
Gain correction: 0.999453

Writing gain and offset constants for dacRB to PSC

Verification
       Itest       dacSP       dcct1       dcct2       dacRB         err
   -0.999690    0.999507   -0.999630   -0.999815    0.999548    0.008918
  -26.997719   26.997632  -26.997860  -26.997854   26.997471    0.062521


                                 dacSP         dcct1         dcct2         dacRB
Final measured offsets:       0.000187      0.000068     -0.000124      0.000049
Final measured gains:         1.000004      1.000008      1.000000      0.999992



                                 dacSP         dcct1         dcct2         dacRB
Final measured offsets mean:  0.000173     -0.000103     -0.000209      0.000138
Final measured offsets stdev: 0.000227      0.000146      0.000183      0.000178
Final measured gains mean:    1.000000      0.999998      0.999992      0.999985
Final measured gains stdev:   0.000010      0.000007      0.000010      0.000012

Saving channel 2 calibration constants to qspi








Page 2 of 4
lab{1}Chan3
Burden resistor = 33.3333

Measuring initial gains and offsets
       Itest       dacSP       dcct1       dcct2       dacRB         err
   -0.999743    1.002635   -1.009602   -1.009861    1.001143   -0.005305
  -26.997845   27.005493  -26.818823  -26.813545   27.015320    0.050888

                                   dacSP         dcct1         dcct2         dacRB
Initial measured offsets:      -0.002710     -0.017123     -0.017595      0.000000
Initial measured gains:         1.000183      0.992735      0.992522      1.000435
Gain corrections:               1.000183      1.007318      1.007535      1.000000

Writing gain and offset corrections for dacSP, dcct1, and dcct2 to PSC

Measuring DAC readback gain and offset
DAC SP   DAC RB
1.000000   1.001357 
27.000000   27.016827 

Measured offset: 0.000762
Measured gain: 1.000595
Gain correction: 0.999405

Writing gain and offset constants for dacRB to PSC

Verification
       Itest       dacSP       dcct1       dcct2       dacRB         err
   -0.999790    1.000066   -0.999938   -0.999952    1.001384    0.028564
  -26.997865   26.998064  -26.998100  -26.998096   26.999750    0.069671


                                 dacSP         dcct1         dcct2         dacRB
Final measured offsets:      -0.000279     -0.000144     -0.000159      0.001304
Final measured gains:         0.999997      1.000003      1.000003      1.000014



                                 dacSP         dcct1         dcct2         dacRB
Final measured offsets mean: -0.000097     -0.000205     -0.000234      0.001073
Final measured offsets stdev: 0.000246      0.000130      0.000130      0.000249
Final measured gains mean:    0.999995      0.999993      0.999990      1.000011
Final measured gains stdev:   0.000006      0.000007      0.000010      0.000011

Saving channel 3 calibration constants to qspi








Page 3 of 4
lab{1}Chan4
Burden resistor = 33.3333

Measuring initial gains and offsets
       Itest       dacSP       dcct1       dcct2       dacRB         err
   -0.999833    1.004376   -1.010183   -1.009084    0.998100    0.047569
  -26.997944   27.010367  -26.832695  -26.813145   26.997442    0.080698

                                   dacSP         dcct1         dcct2         dacRB
Initial measured offsets:      -0.004240     -0.017103     -0.016714      0.000000
Initial measured gains:         1.000303      0.993246      0.992536      0.999744
Gain corrections:               1.000303      1.006800      1.007520      1.000000

Writing gain and offset corrections for dacSP, dcct1, and dcct2 to PSC

Measuring DAC readback gain and offset
DAC SP   DAC RB
1.000000   0.998232 
27.000000   26.999077 

Measured offset: -0.001801
Measured gain: 1.000033
Gain correction: 0.999968

Writing gain and offset constants for dacRB to PSC

Verification
       Itest       dacSP       dcct1       dcct2       dacRB         err
   -0.999916    0.999688   -1.000293   -1.000108    0.998791   -0.007390
  -26.997781   26.997989  -26.997982  -26.997967   26.997477    0.101432


                                 dacSP         dcct1         dcct2         dacRB
Final measured offsets:       0.000244     -0.000384     -0.000193     -0.000912
Final measured gains:         1.000017      0.999993      1.000000      1.000015



                                 dacSP         dcct1         dcct2         dacRB
Final measured offsets mean:  0.000121     -0.000273     -0.000196     -0.000613
Final measured offsets stdev: 0.000158      0.000135      0.000100      0.000422
Final measured gains mean:    1.000006      0.999994      0.999998      1.000019
Final measured gains stdev:   0.000008      0.000006      0.000004      0.000012

Saving channel 4 calibration constants to qspi





Test data reviewed by ______________________________   Date_____________


Page 4 of 4
