Report of Calibration
PSC 4CH-MSF-AR-Fast XY Corr_S/N 0024
2025-09-29 13:45:50

Calibration Current standard: BNL PSC ATE S/N 001
Calibration Volt standard: HP 3458A-002 S/N 2823A 23647
Calibration Resistance standard: Fluke 742A-1 S/N 1063008
End Header


lab{1}Chan1
Burden resistor = 33.3333

Measuring initial gains and offsets
       Itest       dacSP       dcct1       dcct2       dacRB         err
   -1.000322    1.000514   -1.010680   -1.009405    1.000452   -0.013232
  -26.998126   26.997811  -26.813675  -26.832615   27.040012    0.132419

                                   dacSP         dcct1         dcct2         dacRB
Initial measured offsets:      -0.000212     -0.017855     -0.015801      0.000000
Initial measured gains:         0.999980      0.992507      0.993284      1.001626
Gain corrections:               0.999980      1.007550      1.006761      1.000000

Writing gain and offset corrections for dacSP, dcct1, and dcct2 to PSC

Measuring DAC readback gain and offset
DAC SP   DAC RB
1.000000   0.999959 
27.000000   27.042086 

Measured offset: -0.001662
Measured gain: 1.001620
Gain correction: 0.998382

Writing gain and offset constants for dacRB to PSC

Verification
       Itest       dacSP       dcct1       dcct2       dacRB         err
   -1.000244    1.000450   -1.000375   -1.000478    1.000496   -0.012896
  -26.998027   26.997860  -26.997866  -26.997866   26.997519    0.126604


                                 dacSP         dcct1         dcct2         dacRB
Final measured offsets:      -0.000221     -0.000143     -0.000250      0.000060
Final measured gains:         0.999986      0.999989      0.999985      0.999985



                                 dacSP         dcct1         dcct2         dacRB
Final measured offsets mean:  0.000026     -0.000203     -0.000270      0.000216
Final measured offsets stdev: 0.000203      0.000157      0.000144      0.000352
Final measured gains mean:    0.999992      0.999989      0.999988      0.999990
Final measured gains stdev:   0.000007      0.000007      0.000007      0.000017

Saving channel 1 calibration constants to qspi



Page 1 of 4lab{1}Chan2
Burden resistor = 33.3333

Measuring initial gains and offsets
       Itest       dacSP       dcct1       dcct2       dacRB         err
   -1.000396    1.001120   -1.010549   -1.011436    0.999855   -0.043801
  -26.998376   27.000591  -26.817106  -26.818924   27.080296    0.000316

                                   dacSP         dcct1         dcct2         dacRB
Initial measured offsets:      -0.000667     -0.017519     -0.018370      0.000000
Initial measured gains:         1.000057      0.992637      0.992673      1.003114
Gain corrections:               1.000057      1.007418      1.007381      1.000000

Writing gain and offset corrections for dacSP, dcct1, and dcct2 to PSC

Measuring DAC readback gain and offset
DAC SP   DAC RB
1.000000   0.999690 
27.000000   27.081715 

Measured offset: -0.003465
Measured gain: 1.003155
Gain correction: 0.996855

Writing gain and offset constants for dacRB to PSC

Verification
       Itest       dacSP       dcct1       dcct2       dacRB         err
   -1.000519    1.000746   -1.000826   -1.000803    1.000353   -0.032323
  -26.998372   26.999659  -26.998323  -26.998325   26.998825    0.047637


                                 dacSP         dcct1         dcct2         dacRB
Final measured offsets:      -0.000186     -0.000321     -0.000296     -0.000375
Final measured gains:         1.000041      0.999986      0.999987      0.999983



                                 dacSP         dcct1         dcct2         dacRB
Final measured offsets mean: -0.000230     -0.000258     -0.000099     -0.000149
Final measured offsets stdev: 0.000076      0.000127      0.000157      0.000283
Final measured gains mean:    1.000043      0.999986      0.999993      1.000005
Final measured gains stdev:   0.000002      0.000012      0.000010      0.000014

Saving channel 2 calibration constants to qspi








Page 2 of 4lab{1}Chan3
Burden resistor = 33.3333

Measuring initial gains and offsets
       Itest       dacSP       dcct1       dcct2       dacRB         err
   -1.000158    1.001576   -1.009026   -1.009311    0.999520   -0.057654
  -26.998140   26.993390  -26.802011  -26.801033   27.030863    0.317924

                                   dacSP         dcct1         dcct2         dacRB
Initial measured offsets:      -0.001655     -0.016754     -0.017088      0.000000
Initial measured gains:         0.999763      0.992115      0.992066      1.001521
Gain corrections:               0.999763      1.007948      1.007997      1.000000

Writing gain and offset corrections for dacSP, dcct1, and dcct2 to PSC

Measuring DAC readback gain and offset
DAC SP   DAC RB
1.000000   0.999531 
27.000000   27.032530 

Measured offset: -0.001738
Measured gain: 1.001269
Gain correction: 0.998732

Writing gain and offset constants for dacRB to PSC

Verification
       Itest       dacSP       dcct1       dcct2       dacRB         err
   -1.000370    1.001057   -1.000608   -1.000634    1.000436   -0.035561
  -26.998017   26.995439  -26.998070  -26.998335   26.994997    0.227954


                                 dacSP         dcct1         dcct2         dacRB
Final measured offsets:      -0.000812     -0.000245     -0.000262     -0.000628
Final measured gains:         0.999874      0.999993      1.000002      1.000007



                                 dacSP         dcct1         dcct2         dacRB
Final measured offsets mean: -0.000833     -0.000239     -0.000123     -0.000394
Final measured offsets stdev: 0.000067      0.000124      0.000134      0.000371
Final measured gains mean:    0.999872      0.999998      1.000001      1.000016
Final measured gains stdev:   0.000005      0.000010      0.000008      0.000014

Saving channel 3 calibration constants to qspi








Page 3 of 4lab{1}Chan4
Burden resistor = 33.3333

Measuring initial gains and offsets
       Itest       dacSP       dcct1       dcct2       dacRB         err
   -1.000491    1.001996   -1.009832   -1.009660    0.998753   -0.080142
  -26.998330   26.999387  -26.808754  -26.827030   27.069424    0.054996

                                   dacSP         dcct1         dcct2         dacRB
Initial measured offsets:      -0.001523     -0.016997     -0.016114      0.000000
Initial measured gains:         0.999983      0.992349      0.993058      1.002819
Gain corrections:               0.999983      1.007710      1.006990      1.000000

Writing gain and offset corrections for dacSP, dcct1, and dcct2 to PSC

Measuring DAC readback gain and offset
DAC SP   DAC RB
1.000000   0.998155 
27.000000   27.071119 

Measured offset: -0.004651
Measured gain: 1.002806
Gain correction: 0.997202

Writing gain and offset constants for dacRB to PSC

Verification
       Itest       dacSP       dcct1       dcct2       dacRB         err
   -1.000582    1.001471   -1.000836   -1.000871    1.001466   -0.053830
  -26.998381   26.998952  -26.998211  -26.998199   26.999592    0.078693


                                 dacSP         dcct1         dcct2         dacRB
Final measured offsets:      -0.000901     -0.000270     -0.000307     -0.000030
Final measured gains:         0.999988      0.999984      0.999982      1.000025



                                 dacSP         dcct1         dcct2         dacRB
Final measured offsets mean: -0.000873     -0.000186     -0.000221     -0.000424
Final measured offsets stdev: 0.000087      0.000111      0.000120      0.000369
Final measured gains mean:    0.999993      0.999991      0.999993      1.000016
Final measured gains stdev:   0.000004      0.000010      0.000009      0.000016

Saving channel 4 calibration constants to qspi





Test data reviewed by ______________________________   Date_____________


Page 4 of 4