Report of Calibration
PSC 4CH-MSS-AR Slow XY Corr_S/N 0016
2025-12-08 21:04:34

Calibration Current standard: BNL PSC ATE S/N 001
Calibration Volt standard: HP 3458A-002 S/N 2823A 23647
Calibration Resistance standard: Fluke 742A-1 S/N 1063008
End Header


lab{2}Chan1
Burden resistor = 33.3333

Measuring initial gains and offsets
       Itest       dacSP       dcct1       dcct2       dacRB         err
   -1.001574    1.005873   -1.013768   -1.012128    1.004931    0.006235
  -27.001630   27.013754  -26.832588  -26.861155   27.053675    0.025704

                                   dacSP         dcct1         dcct2         dacRB
Initial measured offsets:      -0.003997     -0.019176     -0.016372      0.000000
Initial measured gains:         1.000301      0.993029      0.994191      1.001571
Gain corrections:               1.000301      1.007020      1.005843      1.000000

Writing gain and offset corrections for dacSP, dcct1, and dcct2 to PSC

Measuring DAC readback gain and offset
DAC SP   DAC RB
1.000000   1.003648 
27.000000   27.052212 

Measured offset: 0.001780
Measured gain: 1.001868
Gain correction: 0.998136

Writing gain and offset constants for dacRB to PSC

Verification
       Itest       dacSP       dcct1       dcct2       dacRB         err
   -1.001670    1.001748   -1.001912   -1.001906    1.002371    0.023349
  -27.001726   27.001166  -27.001469  -27.001450   27.002184    0.027515


                                 dacSP         dcct1         dcct2         dacRB
Final measured offsets:      -0.000103     -0.000261     -0.000256      0.000607
Final measured gains:         0.999975      0.999981      0.999980      1.000015



                                 dacSP         dcct1         dcct2         dacRB
Final measured offsets mean:  0.019196     -0.000368     -0.000323      0.000482
Final measured offsets stdev: 0.038361      0.000159      0.000115      0.000454
Final measured gains mean:    1.000691      0.999974      0.999971      1.000026
Final measured gains stdev:   0.001426      0.000007      0.000006      0.000010

Saving channel 1 calibration constants to qspi



Page 1 of 4lab{2}Chan2
Burden resistor = 33.3333

Measuring initial gains and offsets
       Itest       dacSP       dcct1       dcct2       dacRB         err
   -1.000620    1.001957   -1.009999   -1.011482    1.000819    0.037549
  -27.001030   27.010401  -26.830284  -26.832256   27.076019    0.026326

                                   dacSP         dcct1         dcct2         dacRB
Initial measured offsets:      -0.001027     -0.016311     -0.017775      0.000000
Initial measured gains:         1.000309      0.993072      0.993091      1.002567
Gain corrections:               1.000309      1.006976      1.006957      1.000000

Writing gain and offset corrections for dacSP, dcct1, and dcct2 to PSC

Measuring DAC readback gain and offset
DAC SP   DAC RB
1.000000   1.000425 
27.000000   27.075214 

Measured offset: -0.002452
Measured gain: 1.002877
Gain correction: 0.997132

Writing gain and offset constants for dacRB to PSC

Verification
       Itest       dacSP       dcct1       dcct2       dacRB         err
   -1.000585    1.000198   -1.000707   -1.000804    0.999597   -0.007374
  -27.001493   27.000839  -27.001171  -27.001068   27.000942    0.010634


                                 dacSP         dcct1         dcct2         dacRB
Final measured offsets:       0.000377     -0.000140     -0.000245     -0.000628
Final measured gains:         0.999990      0.999983      0.999975      1.000027



                                 dacSP         dcct1         dcct2         dacRB
Final measured offsets mean:  0.000156     -0.000233     -0.000163     -0.000598
Final measured offsets stdev: 0.000169      0.000057      0.000116      0.000038
Final measured gains mean:    0.999984      0.999980      0.999979      1.000012
Final measured gains stdev:   0.000008      0.000007      0.000008      0.000012

Saving channel 2 calibration constants to qspi








Page 2 of 4lab{2}Chan3
Burden resistor = 33.3333

Measuring initial gains and offsets
       Itest       dacSP       dcct1       dcct2       dacRB         err
   -1.000300    1.000876   -1.008562   -1.011026    1.002716    0.032882
  -27.001116   26.998374  -26.816902  -26.825798   27.054857    0.028126

                                   dacSP         dcct1         dcct2         dacRB
Initial measured offsets:      -0.000703     -0.015666     -0.017883      0.000000
Initial measured gains:         0.999872      0.992597      0.992845      1.002102
Gain corrections:               0.999872      1.007458      1.007207      1.000000

Writing gain and offset corrections for dacSP, dcct1, and dcct2 to PSC

Measuring DAC readback gain and offset
DAC SP   DAC RB
1.000000   1.002798 
27.000000   27.053663 

Measured offset: 0.000842
Measured gain: 1.001956
Gain correction: 0.998047

Writing gain and offset constants for dacRB to PSC

Verification
       Itest       dacSP       dcct1       dcct2       dacRB         err
   -1.000224    1.000113   -1.000541   -1.000485    1.000918    0.036245
  -27.000961   27.000677  -27.000978  -27.000702   27.002081    0.020801


                                 dacSP         dcct1         dcct2         dacRB
Final measured offsets:       0.000105     -0.000328     -0.000281      0.000782
Final measured gains:         0.999993      0.999989      0.999980      1.000023



                                 dacSP         dcct1         dcct2         dacRB
Final measured offsets mean:  0.000281      0.000066      0.000106      0.000501
Final measured offsets stdev: 0.000877      0.000761      0.000744      0.000319
Final measured gains mean:    0.999997      0.999997      0.999995      1.000023
Final measured gains stdev:   0.000041      0.000040      0.000041      0.000011

Saving channel 3 calibration constants to qspi








Page 3 of 4lab{2}Chan4
Burden resistor = 33.3333

Measuring initial gains and offsets
       Itest       dacSP       dcct1       dcct2       dacRB         err
   -1.000037    0.999286   -1.008470   -1.008843    0.998802    0.001255
  -27.000879   27.004282  -26.827160  -26.815693   27.045494    0.021731

                                   dacSP         dcct1         dcct2         dacRB
Initial measured offsets:       0.000911     -0.015438     -0.016267      0.000000
Initial measured gains:         1.000160      0.992994      0.992539      1.001603
Gain corrections:               1.000160      1.007055      1.007517      1.000000

Writing gain and offset corrections for dacSP, dcct1, and dcct2 to PSC

Measuring DAC readback gain and offset
DAC SP   DAC RB
1.000000   0.999202 
27.000000   27.044930 

Measured offset: -0.002557
Measured gain: 1.001759
Gain correction: 0.998244

Writing gain and offset constants for dacRB to PSC

Verification
       Itest       dacSP       dcct1       dcct2       dacRB         err
   -1.000202    0.999907   -1.000266   -1.000166    0.999849    0.029037
  -27.001135   27.000539  -27.000990  -27.000984   27.000656    0.035380


                                 dacSP         dcct1         dcct2         dacRB
Final measured offsets:       0.000283     -0.000072      0.000032     -0.000065
Final measured gains:         0.999988      0.999992      0.999996      1.000007



                                 dacSP         dcct1         dcct2         dacRB
Final measured offsets mean:  0.000142     -0.000215     -0.000247     -0.000093
Final measured offsets stdev: 0.000127      0.000100      0.000161      0.000593
Final measured gains mean:    0.999984      0.999984      0.999986      1.000001
Final measured gains stdev:   0.000019      0.000014      0.000012      0.000023

Saving channel 4 calibration constants to qspi





Test data reviewed by ______________________________   Date_____________


Page 4 of 4