Report of Calibration
PSC 4CH-MSF-AR-Fast XY Corr_S/N 0025
2025-09-26 15:31:25

Calibration Current standard: BNL PSC ATE S/N 001
Calibration Volt standard: HP 3458A-002 S/N 2823A 23647
Calibration Resistance standard: Fluke 742A-1 S/N 1063008
End Header


lab{1}Chan1
Burden resistor = 33.3333

Measuring initial gains and offsets
       Itest       dacSP       dcct1       dcct2       dacRB         err
   -1.000030    0.998708   -1.011418   -1.011584    1.002119    0.070357
  -26.997758   26.999898  -26.810892  -26.819515   26.978775    0.046253

                                   dacSP         dcct1         dcct2         dacRB
Initial measured offsets:       0.001455     -0.019014     -0.018855      0.000000
Initial measured gains:         1.000133      0.992374      0.992700      0.999056
Gain corrections:               1.000133      1.007684      1.007354      1.000000

Writing gain and offset corrections for dacSP, dcct1, and dcct2 to PSC

Measuring DAC readback gain and offset
DAC SP   DAC RB
1.000000   1.002355 
27.000000   26.980930 

Measured offset: 0.003179
Measured gain: 0.999176
Gain correction: 1.000825

Writing gain and offset constants for dacRB to PSC

Verification
       Itest       dacSP       dcct1       dcct2       dacRB         err
   -1.000210    0.999148   -1.000351   -1.000303    0.999526    0.042239
  -26.997877   26.998704  -26.997715  -26.997637   26.999926    0.092116


                                 dacSP         dcct1         dcct2         dacRB
Final measured offsets:       0.001135     -0.000152     -0.000105      0.000345
Final measured gains:         1.000073      0.999988      0.999987      1.000032



                                 dacSP         dcct1         dcct2         dacRB
Final measured offsets mean:  0.001082     -0.000235     -0.000168      0.000371
Final measured offsets stdev: 0.000094      0.000225      0.000148      0.000180
Final measured gains mean:    1.000081      0.999987      0.999990      1.000011
Final measured gains stdev:   0.000008      0.000005      0.000011      0.000018

Saving channel 1 calibration constants to qspi



Page 1 of 4lab{1}Chan2
Burden resistor = 33.3333

Measuring initial gains and offsets
       Itest       dacSP       dcct1       dcct2       dacRB         err
   -1.000237    0.999880   -1.009794   -1.011507    0.995726    0.016149
  -26.998126   26.996225  -26.818846  -26.826307   26.997997    0.205572

                                   dacSP         dcct1         dcct2         dacRB
Initial measured offsets:       0.000297     -0.016822     -0.018314      0.000000
Initial measured gains:         0.999941      0.992736      0.992958      1.000228
Gain corrections:               0.999941      1.007317      1.007092      1.000000

Writing gain and offset corrections for dacSP, dcct1, and dcct2 to PSC

Measuring DAC readback gain and offset
DAC SP   DAC RB
1.000000   0.995606 
27.000000   26.999828 

Measured offset: -0.004557
Measured gain: 1.000162
Gain correction: 0.999838

Writing gain and offset constants for dacRB to PSC

Verification
       Itest       dacSP       dcct1       dcct2       dacRB         err
   -1.000295    0.999925   -1.000479   -1.000332    0.999158    0.006297
  -26.998212   26.996919  -26.998360  -26.998230   26.996725    0.164660


                                 dacSP         dcct1         dcct2         dacRB
Final measured offsets:       0.000335     -0.000186     -0.000037     -0.000789
Final measured gains:         0.999964      0.999999      0.999999      1.000022



                                 dacSP         dcct1         dcct2         dacRB
Final measured offsets mean:  0.000293     -0.000143     -0.000222     -0.000447
Final measured offsets stdev: 0.000088      0.000133      0.000160      0.000468
Final measured gains mean:    0.999969      0.999994      0.999994      1.000014
Final measured gains stdev:   0.000005      0.000010      0.000010      0.000012

Saving channel 2 calibration constants to qspi








Page 2 of 4lab{1}Chan3
Burden resistor = 33.3333

Measuring initial gains and offsets
       Itest       dacSP       dcct1       dcct2       dacRB         err
   -1.000005    0.999284   -1.010927   -1.009274    1.003007    0.034923
  -26.997730   27.007800  -26.824200  -26.803093   27.016663   -0.301338

                                   dacSP         dcct1         dcct2         dacRB
Initial measured offsets:       0.001136     -0.018017     -0.017113      0.000000
Initial measured gains:         1.000415      0.992905      0.992157      1.000198
Gain corrections:               1.000415      1.007146      1.007905      1.000000

Writing gain and offset corrections for dacSP, dcct1, and dcct2 to PSC

Measuring DAC readback gain and offset
DAC SP   DAC RB
1.000000   1.003385 
27.000000   27.019592 

Measured offset: 0.002762
Measured gain: 1.000623
Gain correction: 0.999377

Writing gain and offset constants for dacRB to PSC

Verification
       Itest       dacSP       dcct1       dcct2       dacRB         err
   -0.999812    0.999477   -1.000089   -1.000198    0.999898    0.031267
  -26.997943   27.003148  -26.997841  -26.997948   27.003572   -0.108401


                                 dacSP         dcct1         dcct2         dacRB
Final measured offsets:       0.000548     -0.000292     -0.000401      0.000422
Final measured gains:         1.000213      0.999985      0.999985      1.000000



                                 dacSP         dcct1         dcct2         dacRB
Final measured offsets mean:  0.000735     -0.000118     -0.000244      0.000676
Final measured offsets stdev: 0.000113      0.000119      0.000084      0.000147
Final measured gains mean:    1.000229      0.999991      0.999987      0.999990
Final measured gains stdev:   0.000008      0.000005      0.000003      0.000011

Saving channel 3 calibration constants to qspi








Page 3 of 4lab{1}Chan4
Burden resistor = 33.3333

Measuring initial gains and offsets
       Itest       dacSP       dcct1       dcct2       dacRB         err
   -0.999895    1.001092   -1.010097   -1.010713    0.998007   -0.041884
  -26.997747   27.003920  -26.817425  -26.818972   27.012695   -0.139697

                                   dacSP         dcct1         dcct2         dacRB
Initial measured offsets:      -0.001005     -0.017529     -0.018110      0.000000
Initial measured gains:         1.000191      0.992672      0.992707      1.000456
Gain corrections:               1.000191      1.007383      1.007346      1.000000

Writing gain and offset corrections for dacSP, dcct1, and dcct2 to PSC

Measuring DAC readback gain and offset
DAC SP   DAC RB
1.000000   0.998254 
27.000000   27.014793 

Measured offset: -0.002382
Measured gain: 1.000636
Gain correction: 0.999364

Writing gain and offset constants for dacRB to PSC

Verification
       Itest       dacSP       dcct1       dcct2       dacRB         err
   -0.999800    1.000624   -1.000181   -0.999911    1.000529   -0.017424
  -26.997891   27.001185  -26.998049  -26.997837   27.001379   -0.026813


                                 dacSP         dcct1         dcct2         dacRB
Final measured offsets:      -0.000729     -0.000389     -0.000117     -0.000106
Final measured gains:         1.000095      0.999991      0.999994      1.000011



                                 dacSP         dcct1         dcct2         dacRB
Final measured offsets mean: -0.000659     -0.000230     -0.000168      0.000065
Final measured offsets stdev: 0.000143      0.000138      0.000133      0.000183
Final measured gains mean:    1.000104      0.999989      0.999994      0.999995
Final measured gains stdev:   0.000008      0.000007      0.000008      0.000011

Saving channel 4 calibration constants to qspi





Test data reviewed by ______________________________   Date_____________


Page 4 of 4