Report of Calibration
PSC 4CH-MSS-AR Slow XY Corr_S/N 0021
2025-12-02 16:35:29

Calibration Current standard: BNL PSC ATE S/N 001
Calibration Volt standard: HP 3458A-002 S/N 2823A 23647
Calibration Resistance standard: Fluke 742A-1 S/N 1063008
End Header


lab{2}Chan1
Burden resistor = 33.3333

Measuring initial gains and offsets
       Itest       dacSP       dcct1       dcct2       dacRB         err
   -1.000581    1.002581   -1.010367   -1.011099    1.003451    0.034043
  -27.000381   27.020314  -26.837337  -26.844460   27.082893    0.048251

                                   dacSP         dcct1         dcct2         dacRB
Initial measured offsets:      -0.001310     -0.016437     -0.016923      0.000000
Initial measured gains:         1.000690      0.993353      0.993598      1.002372
Gain corrections:               1.000690      1.006692      1.006443      1.000000

Writing gain and offset corrections for dacSP, dcct1, and dcct2 to PSC

Measuring DAC readback gain and offset
DAC SP   DAC RB
1.000000   1.003007 
27.000000   27.082682 

Measured offset: -0.000058
Measured gain: 1.003064
Gain correction: 0.996945

Writing gain and offset constants for dacRB to PSC

Verification
       Itest       dacSP       dcct1       dcct2       dacRB         err
   -1.000759    1.000480   -1.001091   -1.000908    1.000776    0.018574
  -27.000377   26.999039  -26.999582  -26.999697   26.999697   -0.003741


                                 dacSP         dcct1         dcct2         dacRB
Final measured offsets:       0.000239     -0.000375     -0.000181      0.000282
Final measured gains:         0.999959      0.999957      0.999968      1.000014



                                 dacSP         dcct1         dcct2         dacRB
Final measured offsets mean:  0.000024     -0.000188     -0.000124      0.000027
Final measured offsets stdev: 0.000174      0.000138      0.000048      0.000139
Final measured gains mean:    0.999968      0.999969      0.999975      1.000013
Final measured gains stdev:   0.000017      0.000014      0.000015      0.000009

Saving channel 1 calibration constants to qspi



Page 1 of 4lab{2}Chan2
Burden resistor = 33.3333

Measuring initial gains and offsets
       Itest       dacSP       dcct1       dcct2       dacRB         err
   -1.000450    1.005754   -1.012313   -1.011599    1.002004    0.042818
  -27.000505   27.016439  -26.826527  -26.821592   27.076958    0.011726

                                   dacSP         dcct1         dcct2         dacRB
Initial measured offsets:      -0.004895     -0.019014     -0.018462      0.000000
Initial measured gains:         1.000409      0.992852      0.992690      1.002471
Gain corrections:               1.000409      1.007199      1.007364      1.000000

Writing gain and offset corrections for dacSP, dcct1, and dcct2 to PSC

Measuring DAC readback gain and offset
DAC SP   DAC RB
1.000000   1.001576 
27.000000   27.076870 

Measured offset: -0.001320
Measured gain: 1.002896
Gain correction: 0.997112

Writing gain and offset constants for dacRB to PSC

Verification
       Itest       dacSP       dcct1       dcct2       dacRB         err
   -1.000532    1.000700   -1.000815   -1.000788    1.000534    0.050570
  -27.000547   27.000722  -27.000441  -27.000717   27.000595    0.049842


                                 dacSP         dcct1         dcct2         dacRB
Final measured offsets:      -0.000168     -0.000298     -0.000259     -0.000167
Final measured gains:         1.000000      0.999985      0.999997      1.000002



                                 dacSP         dcct1         dcct2         dacRB
Final measured offsets mean:  0.000144     -0.000166     -0.000112     -0.000345
Final measured offsets stdev: 0.000242      0.000123      0.000136      0.000189
Final measured gains mean:    0.999986      0.999979      0.999981      1.000007
Final measured gains stdev:   0.000012      0.000005      0.000009      0.000010

Saving channel 2 calibration constants to qspi








Page 2 of 4lab{2}Chan3
Burden resistor = 33.3333

Measuring initial gains and offsets
       Itest       dacSP       dcct1       dcct2       dacRB         err
   -0.999577    1.002732   -1.008340   -1.011018    1.002974    0.055555
  -26.999970   27.003478  -26.822380  -26.830841   27.072088    0.032363

                                   dacSP         dcct1         dcct2         dacRB
Initial measured offsets:      -0.003142     -0.015927     -0.018383      0.000000
Initial measured gains:         1.000014      0.992833      0.993055      1.002629
Gain corrections:               1.000014      1.007219      1.006993      1.000000

Writing gain and offset corrections for dacSP, dcct1, and dcct2 to PSC

Measuring DAC readback gain and offset
DAC SP   DAC RB
1.000000   1.003484 
27.000000   27.072353 

Measured offset: 0.000835
Measured gain: 1.002649
Gain correction: 0.997358

Writing gain and offset constants for dacRB to PSC

Verification
       Itest       dacSP       dcct1       dcct2       dacRB         err
   -0.999691    0.999648   -0.999896   -0.999797    1.001170    0.048437
  -26.999900   26.999750  -26.999691  -26.999683   27.000765    0.035631


                                 dacSP         dcct1         dcct2         dacRB
Final measured offsets:       0.000039     -0.000220     -0.000118      0.001542
Final measured gains:         0.999996      0.999984      0.999988      0.999980



                                 dacSP         dcct1         dcct2         dacRB
Final measured offsets mean: -0.180265     -0.000146     -0.000105      0.000994
Final measured offsets stdev: 0.360279      0.000077      0.000055      0.000557
Final measured gains mean:    0.999971      0.799980      0.799978      0.799996
Final measured gains stdev:   0.000015      0.399990      0.399989      0.399998

Saving channel 3 calibration constants to qspi








Page 3 of 4lab{2}Chan4
Burden resistor = 33.3333

Measuring initial gains and offsets
       Itest       dacSP       dcct1       dcct2       dacRB         err
   -0.999613    1.002232   -1.009262   -1.007572    0.998742    0.030821
  -27.000031   26.996388  -26.808180  -26.822582   27.055977    0.048653

                                   dacSP         dcct1         dcct2         dacRB
Initial measured offsets:      -0.002859     -0.017396     -0.015087      0.000000
Initial measured gains:         0.999759      0.992250      0.992869      1.002427
Gain corrections:               0.999759      1.007810      1.007182      1.000000

Writing gain and offset corrections for dacSP, dcct1, and dcct2 to PSC

Measuring DAC readback gain and offset
DAC SP   DAC RB
1.000000   0.999109 
27.000000   27.055813 

Measured offset: -0.003072
Measured gain: 1.002181
Gain correction: 0.997824

Writing gain and offset constants for dacRB to PSC

Verification
       Itest       dacSP       dcct1       dcct2       dacRB         err
   -0.999508    0.999720   -0.999578   -0.999994    0.999613    0.035066
  -27.000076   27.000200  -27.000109  -27.000095   27.000013    0.053970


                                 dacSP         dcct1         dcct2         dacRB
Final measured offsets:      -0.000215     -0.000071     -0.000504     -0.000103
Final measured gains:         0.999997      0.999999      0.999982      0.999997



                                 dacSP         dcct1         dcct2         dacRB
Final measured offsets mean:  0.000146     -0.000056     -0.000139     -0.000174
Final measured offsets stdev: 0.000336      0.000075      0.000210      0.000294
Final measured gains mean:    0.999995      0.999991      0.999985      1.000019
Final measured gains stdev:   0.000012      0.000007      0.000004      0.000013

Saving channel 4 calibration constants to qspi





Test data reviewed by ______________________________   Date_____________


Page 4 of 4