Report of Calibration
PSC 4CH-MSS-AR Slow XY Corr_S/N 0006
2025-12-08 21:57:16

Calibration Current standard: BNL PSC ATE S/N 001
Calibration Volt standard: HP 3458A-002 S/N 2823A 23647
Calibration Resistance standard: Fluke 742A-1 S/N 1063008
End Header


lab{2}Chan1
Burden resistor = 33.3333

Measuring initial gains and offsets
       Itest       dacSP       dcct1       dcct2       dacRB         err
   -1.001749    1.004283   -1.011389   -1.012501    1.002486    0.011507
  -27.001721   27.006595  -26.819683  -26.827137   27.038450    0.020079

                                   dacSP         dcct1         dcct2         dacRB
Initial measured offsets:      -0.002444     -0.017025     -0.017893      0.000000
Initial measured gains:         1.000090      0.992628      0.992872      1.001294
Gain corrections:               1.000090      1.007427      1.007179      1.000000

Writing gain and offset corrections for dacSP, dcct1, and dcct2 to PSC

Measuring DAC readback gain and offset
DAC SP   DAC RB
1.000000   1.000737 
27.000000   27.036833 

Measured offset: -0.000651
Measured gain: 1.001388
Gain correction: 0.998614

Writing gain and offset constants for dacRB to PSC

Verification
       Itest       dacSP       dcct1       dcct2       dacRB         err
   -1.001403    1.001553   -1.001670   -1.001591    1.001247    0.030212
  -27.001511   27.001817  -27.001686  -27.001595   27.002028    0.043044


                                 dacSP         dcct1         dcct2         dacRB
Final measured offsets:      -0.000144     -0.000271     -0.000192     -0.000326
Final measured gains:         1.000006      0.999996      0.999996      1.000020



                                 dacSP         dcct1         dcct2         dacRB
Final measured offsets mean: -0.000087     -0.000181     -0.000082     -0.000066
Final measured offsets stdev: 0.000157      0.000097      0.000169      0.000146
Final measured gains mean:    1.000002      1.000006      1.000009      0.999996
Final measured gains stdev:   0.000051      0.000045      0.000043      0.000014

Saving channel 1 calibration constants to qspi



Page 1 of 4lab{2}Chan2
Burden resistor = 33.3333

Measuring initial gains and offsets
       Itest       dacSP       dcct1       dcct2       dacRB         err
   -1.000603    1.003401   -1.009466   -1.011559    0.999816   -0.013682
  -27.001094   27.000659  -26.817829  -26.813999   27.081272    0.056940

                                   dacSP         dcct1         dcct2         dacRB
Initial measured offsets:      -0.002922     -0.016257     -0.018577      0.000000
Initial measured gains:         0.999876      0.992611      0.992383      1.003239
Gain corrections:               0.999876      1.007444      1.007676      1.000000

Writing gain and offset corrections for dacSP, dcct1, and dcct2 to PSC

Measuring DAC readback gain and offset
DAC SP   DAC RB
1.000000   0.999328 
27.000000   27.079868 

Measured offset: -0.003769
Measured gain: 1.003098
Gain correction: 0.996912

Writing gain and offset constants for dacRB to PSC

Verification
       Itest       dacSP       dcct1       dcct2       dacRB         err
   -1.000577    1.000826   -1.000648   -1.000659    1.000902    0.032197
  -27.001156   27.000917  -27.001213  -27.001221   27.001490    0.027502


                                 dacSP         dcct1         dcct2         dacRB
Final measured offsets:      -0.000268     -0.000072     -0.000083      0.000057
Final measured gains:         0.999981      0.999999      0.999999      1.000019



                                 dacSP         dcct1         dcct2         dacRB
Final measured offsets mean: -0.000011     -0.000171     -0.000156     -0.000411
Final measured offsets stdev: 0.000161      0.000130      0.000140      0.000282
Final measured gains mean:    0.999978      0.999982      0.999984      1.000025
Final measured gains stdev:   0.000008      0.000012      0.000011      0.000008

Saving channel 2 calibration constants to qspi








Page 2 of 4lab{2}Chan3
Burden resistor = 33.3333

Measuring initial gains and offsets
       Itest       dacSP       dcct1       dcct2       dacRB         err
   -1.000219    1.003715   -1.010696   -1.011244    1.002650    0.047823
  -27.001020   26.986071  -26.801056  -26.829456   27.022432    0.011706

                                   dacSP         dcct1         dcct2         dacRB
Initial measured offsets:      -0.004206     -0.018572     -0.018049      0.000000
Initial measured gains:         0.999291      0.991906      0.992978      1.001440
Gain corrections:               0.999291      1.008160      1.007072      1.000000

Writing gain and offset corrections for dacSP, dcct1, and dcct2 to PSC

Measuring DAC readback gain and offset
DAC SP   DAC RB
1.000000   1.002420 
27.000000   27.021532 

Measured offset: 0.001685
Measured gain: 1.000735
Gain correction: 0.999265

Writing gain and offset constants for dacRB to PSC

Verification
       Itest       dacSP       dcct1       dcct2       dacRB         err
   -1.000126    0.999859   -1.000332   -1.000363    1.001203   -0.006962
  -27.001029   27.001188  -27.001076  -27.001293   27.002815    0.041345


                                 dacSP         dcct1         dcct2         dacRB
Final measured offsets:       0.000284     -0.000211     -0.000236      0.001334
Final measured gains:         1.000016      0.999994      1.000001      1.000011



                                 dacSP         dcct1         dcct2         dacRB
Final measured offsets mean:  0.000088     -0.000226     -0.000224      0.001121
Final measured offsets stdev: 0.000264      0.000137      0.000135      0.000385
Final measured gains mean:    0.999984      0.999980      0.999983      0.999993
Final measured gains stdev:   0.000021      0.000012      0.000012      0.000017

Saving channel 3 calibration constants to qspi








Page 3 of 4lab{2}Chan4
Burden resistor = 33.3333

Measuring initial gains and offsets
       Itest       dacSP       dcct1       dcct2       dacRB         err
   -0.999990    1.006011   -1.011125   -1.010633    1.000682    0.051238
  -27.001141   27.008309  -26.830553  -26.821251   27.075603    0.040153

                                   dacSP         dcct1         dcct2         dacRB
Initial measured offsets:      -0.005978     -0.018124     -0.017971      0.000000
Initial measured gains:         1.000044      0.993011      0.992672      1.002793
Gain corrections:               1.000044      1.007038      1.007382      1.000000

Writing gain and offset corrections for dacSP, dcct1, and dcct2 to PSC

Measuring DAC readback gain and offset
DAC SP   DAC RB
1.000000   1.000924 
27.000000   27.075109 

Measured offset: -0.001930
Measured gain: 1.002853
Gain correction: 0.997155

Writing gain and offset constants for dacRB to PSC

Verification
       Itest       dacSP       dcct1       dcct2       dacRB         err
   -1.000101    1.000116   -1.000418   -1.000718    0.999975    0.033184
  -27.001264   27.000743  -27.001059  -27.001221   27.000677    0.037855


                                 dacSP         dcct1         dcct2         dacRB
Final measured offsets:      -0.000035     -0.000337     -0.000642     -0.000143
Final measured gains:         0.999979      0.999980      0.999975      1.000003



                                 dacSP         dcct1         dcct2         dacRB
Final measured offsets mean:  0.000001     -0.000283     -0.000256     -0.000173
Final measured offsets stdev: 0.000108      0.000117      0.000243      0.000029
Final measured gains mean:    0.999988      0.999983      0.999983      1.000008
Final measured gains stdev:   0.000016      0.000014      0.000015      0.000012

Saving channel 4 calibration constants to qspi





Test data reviewed by ______________________________   Date_____________


Page 4 of 4