Report of Calibration
PSC 4CH-MSS-AR Slow XY Corr_S/N 0009
2025-11-26 16:54:10

Calibration Current standard: BNL PSC ATE S/N 001
Calibration Volt standard: HP 3458A-002 S/N 2823A 23647
Calibration Resistance standard: Fluke 742A-1 S/N 1063008
End Header


lab{3}Chan1
Burden resistor = 33.3333

Measuring initial gains and offsets
       Itest       dacSP       dcct1       dcct2       dacRB         err
   -1.001385    1.007039   -1.012903   -1.010097    1.001176    0.020821
  -27.000059   27.012313  -26.831640  -26.831100   27.036400    0.026676

                                   dacSP         dcct1         dcct2         dacRB
Initial measured offsets:      -0.005400     -0.018449     -0.015555      0.000000
Initial measured gains:         1.000254      0.993079      0.993166      1.001152
Gain corrections:               1.000254      1.006969      1.006881      1.000000

Writing gain and offset corrections for dacSP, dcct1, and dcct2 to PSC

Measuring DAC readback gain and offset
DAC SP   DAC RB
1.000000   1.000041 
27.000000   27.036213 

Measured offset: -0.001350
Measured gain: 1.001391
Gain correction: 0.998611

Writing gain and offset constants for dacRB to PSC

Verification
       Itest       dacSP       dcct1       dcct2       dacRB         err
   -1.001348    1.001177   -1.001603   -1.001568    1.001143    0.025494
  -27.000326   26.999741  -27.000042  -27.000202   26.999262    0.004417


                                 dacSP         dcct1         dcct2         dacRB
Final measured offsets:       0.000155     -0.000276     -0.000233     -0.000017
Final measured gains:         0.999984      0.999979      0.999987      0.999983



                                 dacSP         dcct1         dcct2         dacRB
Final measured offsets mean: -1349854.660327      4.549906      6.909265     -0.000240
Final measured offsets stdev:2699709.320464      9.100467     13.819067      0.000405
Final measured gains mean:   -49992.941536      1.168495      1.255879      1.000007
Final measured gains stdev:  99987.883022      0.337039      0.511797      0.000012

Saving channel 1 calibration constants to qspi



Page 1 of 4lab{3}Chan2
Burden resistor = 33.3333

Measuring initial gains and offsets
       Itest       dacSP       dcct1       dcct2       dacRB         err
   -1.000892    1.005813   -1.011862   -1.010469    0.998879    0.049855
  -27.000125   27.008786  -26.828350  -26.825598   27.030354    0.041047

                                   dacSP         dcct1         dcct2         dacRB
Initial measured offsets:      -0.004777     -0.018005     -0.016665      0.000000
Initial measured gains:         1.000144      0.992971      0.992919      1.001096
Gain corrections:               1.000144      1.007079      1.007132      1.000000

Writing gain and offset corrections for dacSP, dcct1, and dcct2 to PSC

Measuring DAC readback gain and offset
DAC SP   DAC RB
1.000000   0.997996 
27.000000   27.029898 

Measured offset: -0.003231
Measured gain: 1.001227
Gain correction: 0.998775

Writing gain and offset constants for dacRB to PSC

Verification
       Itest       dacSP       dcct1       dcct2       dacRB         err
   -1.000862    1.000902   -1.001095   -1.001055    1.000770    0.050127
  -27.000158   27.000030  -26.999977  -27.000088   26.999477    0.026130


                                 dacSP         dcct1         dcct2         dacRB
Final measured offsets:      -0.000046     -0.000249     -0.000203     -0.000116
Final measured gains:         0.999994      0.999984      0.999990      0.999984



                                 dacSP         dcct1         dcct2         dacRB
Final measured offsets mean: -0.000089     -0.000219     -0.000226     -0.000212
Final measured offsets stdev: 0.000179      0.000115      0.000033      0.000369
Final measured gains mean:    0.999984      0.999984      0.999985      0.999995
Final measured gains stdev:   0.000010      0.000006      0.000005      0.000006

Saving channel 2 calibration constants to qspi








Page 2 of 4lab{3}Chan3
Burden resistor = 33.3333

Measuring initial gains and offsets
       Itest       dacSP       dcct1       dcct2       dacRB         err
   -1.000447    1.001839   -1.008370   -1.010715    1.001225    0.055412
  -26.999943   27.000104  -26.820831  -26.826021   27.024664    0.041104

                                   dacSP         dcct1         dcct2         dacRB
Initial measured offsets:      -0.001440     -0.015120     -0.017356      0.000000
Initial measured gains:         0.999953      0.992806      0.992916      1.000968
Gain corrections:               0.999953      1.007246      1.007135      1.000000

Writing gain and offset corrections for dacSP, dcct1, and dcct2 to PSC

Measuring DAC readback gain and offset
DAC SP   DAC RB
1.000000   1.000770 
27.000000   27.024548 

Measured offset: -0.000144
Measured gain: 1.000915
Gain correction: 0.999086

Writing gain and offset constants for dacRB to PSC

Verification
       Itest       dacSP       dcct1       dcct2       dacRB         err
   -1.000458    1.000374   -1.000500   -1.000553    1.000096    0.038280
  -26.999946   26.999745  -26.999743  -26.999901   26.999926    0.051039


                                 dacSP         dcct1         dcct2         dacRB
Final measured offsets:       0.000080     -0.000051     -0.000101     -0.000296
Final measured gains:         0.999996      0.999991      0.999995      1.000018



                                 dacSP         dcct1         dcct2         dacRB
Final measured offsets mean:  0.000003     -0.000256     -0.000173     -0.000375
Final measured offsets stdev: 0.000147      0.000157      0.000092      0.000169
Final measured gains mean:    0.999990      0.999983      0.999987      1.000029
Final measured gains stdev:   0.000022      0.000011      0.000011      0.000010

Saving channel 3 calibration constants to qspi








Page 3 of 4lab{3}Chan4
Burden resistor = 33.3333

Measuring initial gains and offsets
       Itest       dacSP       dcct1       dcct2       dacRB         err
   -1.000245    1.004461   -1.009584   -1.009200    0.999197    0.052139
  -26.999792   27.003428  -26.827267  -26.806274   27.031740    0.048305

                                   dacSP         dcct1         dcct2         dacRB
Initial measured offsets:      -0.004238     -0.016335     -0.016745      0.000000
Initial measured gains:         0.999978      0.993005      0.992212      1.001291
Gain corrections:               0.999978      1.007044      1.007849      1.000000

Writing gain and offset corrections for dacSP, dcct1, and dcct2 to PSC

Measuring DAC readback gain and offset
DAC SP   DAC RB
1.000000   0.998807 
27.000000   27.031761 

Measured offset: -0.002460
Measured gain: 1.001267
Gain correction: 0.998734

Writing gain and offset constants for dacRB to PSC

Verification
       Itest       dacSP       dcct1       dcct2       dacRB         err
   -1.000397    1.000469   -1.000596   -1.000648    1.000277    0.058590
  -26.999821   26.999947  -27.000172  -27.000034   26.999828    0.055981


                                 dacSP         dcct1         dcct2         dacRB
Final measured offsets:      -0.000070     -0.000193     -0.000252     -0.000195
Final measured gains:         1.000002      1.000006      0.999999      1.000003



                                 dacSP         dcct1         dcct2         dacRB
Final measured offsets mean:  0.000144     -0.000171     -0.000116     -0.000168
Final measured offsets stdev: 0.000269      0.000062      0.000097      0.000182
Final measured gains mean:    1.000006      0.999995      0.999995      1.000010
Final measured gains stdev:   0.000012      0.000008      0.000006      0.000013

Saving channel 4 calibration constants to qspi





Test data reviewed by ______________________________   Date_____________


Page 4 of 4