Report of Calibration
PSC 2CH-HSS-AR-QD-QF_S/N 0021
2025-11-07 13:41:58

Calibration Current standard: BNL PSC ATE S/N 001
Calibration Volt standard: HP 3458A-002 S/N 2823A 23647
Calibration Resistance standard: Fluke 742A-1 S/N 1063008
End Header


lab{5}Chan1
Burden resistor = 18.0000

Measuring initial gains and offsets
       Itest       dacSP       dcct1       dcct2       dacRB         err
   -1.000733    1.001554   -1.020619   -1.028224    0.997151    0.041804
  -50.004161   50.038762  -49.695282  -49.651318   50.087097    0.075230

                                   dacSP         dcct1         dcct2         dacRB
Initial measured offsets:      -0.000131     -0.026600     -0.035258      0.000000
Initial measured gains:         1.000689      0.993291      0.992239      1.001075
Gain corrections:               1.000689      1.006754      1.007822      1.000000

Writing gain and offset corrections for dacSP, dcct1, and dcct2 to PSC

Measuring DAC readback gain and offset
DAC SP   DAC RB
1.000000   0.996644 
50.000000   50.082989 

Measured offset: -0.005119
Measured gain: 1.001762
Gain correction: 0.998241

Writing gain and offset constants for dacRB to PSC

Verification
       Itest       dacSP       dcct1       dcct2       dacRB         err
   -1.000507    1.000492   -1.000684   -1.000788    1.000359    0.034205
  -50.004316   50.003365  -50.003345  -50.003399   50.003040    0.073511


                                 dacSP         dcct1         dcct2         dacRB
Final measured offsets:      -0.000005     -0.000201     -0.000306     -0.000129
Final measured gains:         0.999981      0.999977      0.999976      0.999996



                                 dacSP         dcct1         dcct2         dacRB
Final measured offsets mean: -0.000041     -0.000119     -0.000143     -0.000185
Final measured offsets stdev: 0.000158      0.000127      0.000123      0.000077
Final measured gains mean:    0.999977      0.999976      0.999977      1.000007
Final measured gains stdev:   0.000007      0.000007      0.000006      0.000008

Saving channel 1 calibration constants to qspi



Page 1 of 2lab{5}Chan2
Burden resistor = 9.0000

Measuring initial gains and offsets
       Itest       dacSP       dcct1       dcct2       dacRB         err
   -0.999944    1.006660   -1.055443   -1.055889    0.996867    0.026601
 -100.008585  100.049848  -99.358574  -99.337692  100.195869    0.168578

                                   dacSP         dcct1         dcct2         dacRB
Initial measured offsets:      -0.006367     -0.062624     -0.063286      0.000000
Initial measured gains:         1.000349      0.992874      0.992659      1.001573
Gain corrections:               1.000349      1.007177      1.007395      1.000000

Writing gain and offset corrections for dacSP, dcct1, and dcct2 to PSC

Measuring DAC readback gain and offset
DAC SP   DAC RB
1.000000   0.996948 
100.000000   100.187378 

Measured offset: -0.004975
Measured gain: 1.001924
Gain correction: 0.998080

Writing gain and offset constants for dacRB to PSC

Verification
       Itest       dacSP       dcct1       dcct2       dacRB         err
   -0.999746    0.999718   -0.999963   -1.000061    0.999892    0.024807
 -100.008905  100.006486 -100.007126 -100.007393  100.007561    0.136589


                                 dacSP         dcct1         dcct2         dacRB
Final measured offsets:       0.000004     -0.000237     -0.000333      0.000166
Final measured gains:         0.999976      0.999980      0.999982      1.000009



                                 dacSP         dcct1         dcct2         dacRB
Final measured offsets mean: -0.000117     -0.000221     -0.000213      0.000037
Final measured offsets stdev: 0.000202      0.000116      0.000199      0.000323
Final measured gains mean:    0.999973      0.999978      0.999981      1.000000
Final measured gains stdev:   0.000005      0.000005      0.000003      0.000016

Saving channel 2 calibration constants to qspi





Test data reviewed by ______________________________   Date_____________


Page 2 of 2