Report of Calibration
PSC 4CH-MSS-AR Slow XY Corr_S/N 0020
2025-12-08 12:08:12

Calibration Current standard: BNL PSC ATE S/N 001
Calibration Volt standard: HP 3458A-002 S/N 2823A 23647
Calibration Resistance standard: Fluke 742A-1 S/N 1063008
End Header


lab{2}Chan1
Burden resistor = 33.3333

Measuring initial gains and offsets
       Itest       dacSP       dcct1       dcct2       dacRB         err
   -1.001606    1.006167   -1.012771   -1.010679    1.003462    0.046763
  -27.001329   27.009857  -26.829832  -26.806795   27.055983   -0.003353

                                   dacSP         dcct1         dcct2         dacRB
Initial measured offsets:      -0.004407     -0.018201     -0.016916      0.000000
Initial measured gains:         1.000153      0.992975      0.992169      1.001878
Gain corrections:               1.000153      1.007075      1.007893      1.000000

Writing gain and offset corrections for dacSP, dcct1, and dcct2 to PSC

Measuring DAC readback gain and offset
DAC SP   DAC RB
1.000000   1.001724 
27.000000   27.054441 

Measured offset: -0.000304
Measured gain: 1.002028
Gain correction: 0.997977

Writing gain and offset constants for dacRB to PSC

Verification
       Itest       dacSP       dcct1       dcct2       dacRB         err
   -1.001690    1.001605   -1.001749   -1.001958    1.001658    0.051202
  -27.001445   27.001331  -27.001247  -27.001310   27.002060    0.028358


                                 dacSP         dcct1         dcct2         dacRB
Final measured offsets:       0.000084     -0.000068     -0.000284      0.000027
Final measured gains:         0.999999      0.999990      0.999985      1.000026



                                 dacSP         dcct1         dcct2         dacRB
Final measured offsets mean: -0.000029     -0.000140     -0.000295     -0.000166
Final measured offsets stdev: 0.000171      0.000112      0.000115      0.000145
Final measured gains mean:    0.999990      0.999987      0.999983      1.000010
Final measured gains stdev:   0.000015      0.000008      0.000006      0.000011

Saving channel 1 calibration constants to qspi



Page 1 of 4lab{2}Chan2
Burden resistor = 33.3333

Measuring initial gains and offsets
       Itest       dacSP       dcct1       dcct2       dacRB         err
   -1.000875    1.110369   -1.008286   -1.010620    1.102076    0.016814
  -27.001019   27.108754  -26.808786  -26.810287   27.160900    0.044963

                                   dacSP         dcct1         dcct2         dacRB
Initial measured offsets:      -0.109561     -0.015096     -0.017462      0.000000
Initial measured gains:         0.999932      0.992321      0.992289      1.002325
Gain corrections:               0.999932      1.007738      1.007771      1.000000

Writing gain and offset corrections for dacSP, dcct1, and dcct2 to PSC

Measuring DAC readback gain and offset
DAC SP   DAC RB
1.000000   1.101007 
27.000000   27.159876 

Measured offset: 0.098742
Measured gain: 1.002264
Gain correction: 0.997741

Writing gain and offset constants for dacRB to PSC

Verification
       Itest       dacSP       dcct1       dcct2       dacRB         err
   -1.000971    1.001403   -1.001279   -1.001161    1.002766    0.054252
  -27.001175   27.000517  -27.000887  -27.000793   27.002230    0.029374


                                 dacSP         dcct1         dcct2         dacRB
Final measured offsets:      -0.000474     -0.000331     -0.000212      0.001350
Final measured gains:         0.999958      0.999977      0.999978      1.000013



                                 dacSP         dcct1         dcct2         dacRB
Final measured offsets mean: -0.000198     -0.000237     -0.000167      0.000818
Final measured offsets stdev: 0.000181      0.000096      0.000098      0.000392
Final measured gains mean:    0.999983      0.999990      0.999989      1.000011
Final measured gains stdev:   0.000017      0.000013      0.000012      0.000013

Saving channel 2 calibration constants to qspi








Page 2 of 4lab{2}Chan3
Burden resistor = 33.3333

Measuring initial gains and offsets
       Itest       dacSP       dcct1       dcct2       dacRB         err
   -1.000716    1.004165   -1.012055   -1.010051    1.004882    0.054968
  -27.001153   27.008845  -26.826294  -26.821228   27.060823    0.010615

                                   dacSP         dcct1         dcct2         dacRB
Initial measured offsets:      -0.003285     -0.018505     -0.016619      0.000000
Initial measured gains:         1.000163      0.992839      0.992721      1.001971
Gain corrections:               1.000163      1.007213      1.007332      1.000000

Writing gain and offset corrections for dacSP, dcct1, and dcct2 to PSC

Measuring DAC readback gain and offset
DAC SP   DAC RB
1.000000   1.004323 
27.000000   27.060133 

Measured offset: 0.002176
Measured gain: 1.002147
Gain correction: 0.997858

Writing gain and offset constants for dacRB to PSC

Verification
       Itest       dacSP       dcct1       dcct2       dacRB         err
   -1.000714    1.000639   -1.000917   -1.000766    1.001028    0.038348
  -27.001216   27.001041  -27.001282  -27.001244   27.001423    0.023237


                                 dacSP         dcct1         dcct2         dacRB
Final measured offsets:       0.000071     -0.000208     -0.000053      0.000389
Final measured gains:         0.999996      0.999995      0.999999      1.000000



                                 dacSP         dcct1         dcct2         dacRB
Final measured offsets mean: -0.000135     -0.000253     -0.000121      0.000478
Final measured offsets stdev: 0.000180      0.000040      0.000110      0.000339
Final measured gains mean:    0.999998      0.999994      0.999998      1.000001
Final measured gains stdev:   0.000014      0.000004      0.000005      0.000013

Saving channel 3 calibration constants to qspi








Page 3 of 4lab{2}Chan4
Burden resistor = 33.3333

Measuring initial gains and offsets
       Itest       dacSP       dcct1       dcct2       dacRB         err
   -1.000653    1.003395   -1.009480   -1.010293    1.000978    0.035828
  -27.001106   27.005418  -26.809467  -26.815357   27.075739    0.023690

                                   dacSP         dcct1         dcct2         dacRB
Initial measured offsets:      -0.002681     -0.016542     -0.017159      0.000000
Initial measured gains:         1.000060      0.992290      0.992485      1.002797
Gain corrections:               1.000060      1.007770      1.007572      1.000000

Writing gain and offset corrections for dacSP, dcct1, and dcct2 to PSC

Measuring DAC readback gain and offset
DAC SP   DAC RB
1.000000   1.000578 
27.000000   27.074747 

Measured offset: -0.002274
Measured gain: 1.002853
Gain correction: 0.997155

Writing gain and offset constants for dacRB to PSC

Verification
       Itest       dacSP       dcct1       dcct2       dacRB         err
   -1.000412    1.000396   -1.000893   -1.001003    0.999849   -0.008070
  -27.001143   27.001253  -27.001045  -27.001242   27.000612    0.049075


                                 dacSP         dcct1         dcct2         dacRB
Final measured offsets:       0.000020     -0.000504     -0.000610     -0.000543
Final measured gains:         1.000005      0.999978      0.999981      0.999996



                                 dacSP         dcct1         dcct2         dacRB
Final measured offsets mean:  0.000110     -0.000217     -0.000286     -0.000184
Final measured offsets stdev: 0.000110      0.000149      0.000187      0.000217
Final measured gains mean:    0.999999      0.999986      0.999988      1.000010
Final measured gains stdev:   0.000008      0.000009      0.000009      0.000010

Saving channel 4 calibration constants to qspi





Test data reviewed by ______________________________   Date_____________


Page 4 of 4