Report of Calibration
PSC 4CH-MSS-AR Slow XY Corr_S/N 0012
2025-12-08 19:22:29

Calibration Current standard: BNL PSC ATE S/N 001
Calibration Volt standard: HP 3458A-002 S/N 2823A 23647
Calibration Resistance standard: Fluke 742A-1 S/N 1063008
End Header


lab{3}Chan1
Burden resistor = 33.3333

Measuring initial gains and offsets
       Itest       dacSP       dcct1       dcct2       dacRB         err
   -1.001103    1.003154   -1.010694   -1.010158    1.002557    0.038147
  -27.001387   27.020583  -26.838633  -26.807598   27.064600    0.036144

                                   dacSP         dcct1         dcct2         dacRB
Initial measured offsets:      -0.001391     -0.016227     -0.016865      0.000000
Initial measured gains:         1.000659      0.993371      0.992198      1.001715
Gain corrections:               1.000659      1.006673      1.007863      1.000000

Writing gain and offset corrections for dacSP, dcct1, and dcct2 to PSC

Measuring DAC readback gain and offset
DAC SP   DAC RB
1.000000   1.001516 
27.000000   27.063219 

Measured offset: -0.000858
Measured gain: 1.002373
Gain correction: 0.997632

Writing gain and offset constants for dacRB to PSC

Verification
       Itest       dacSP       dcct1       dcct2       dacRB         err
   -1.001147    1.000916   -1.001295   -1.001429    1.000754    0.041906
  -27.001414   27.000673  -27.000992  -27.001076   26.999893    0.026168


                                 dacSP         dcct1         dcct2         dacRB
Final measured offsets:       0.000211     -0.000170     -0.000306     -0.000139
Final measured gains:         0.999980      0.999978      0.999976      0.999976



                                 dacSP         dcct1         dcct2         dacRB
Final measured offsets mean:  0.000066     -0.000113     -0.000110      0.000224
Final measured offsets stdev: 0.000181      0.000100      0.000107      0.000300
Final measured gains mean:    0.999990      0.999990      0.999990      0.999983
Final measured gains stdev:   0.000010      0.000011      0.000008      0.000015

Saving channel 1 calibration constants to qspi



Page 1 of 4lab{3}Chan2
Burden resistor = 33.3333

Measuring initial gains and offsets
       Itest       dacSP       dcct1       dcct2       dacRB         err
   -1.000643    1.002119   -1.009226   -1.010911    0.999778    0.055083
  -27.001074   26.996046  -26.814079  -26.813610   27.056688    0.029814

                                   dacSP         dcct1         dcct2         dacRB
Initial measured offsets:      -0.001727     -0.016110     -0.017878      0.000000
Initial measured gains:         0.999750      0.992478      0.992395      1.002423
Gain corrections:               0.999750      1.007579      1.007663      1.000000

Writing gain and offset corrections for dacSP, dcct1, and dcct2 to PSC

Measuring DAC readback gain and offset
DAC SP   DAC RB
1.000000   0.999120 
27.000000   27.055380 

Measured offset: -0.003044
Measured gain: 1.002164
Gain correction: 0.997841

Writing gain and offset constants for dacRB to PSC

Verification
       Itest       dacSP       dcct1       dcct2       dacRB         err
   -1.000348    1.000667   -1.000696   -1.000808    1.000507    0.031810
  -27.000956   27.000419  -27.000750  -27.000498   27.000835    0.014897


                                 dacSP         dcct1         dcct2         dacRB
Final measured offsets:      -0.000352     -0.000370     -0.000496     -0.000182
Final measured gains:         0.999967      0.999979      0.999965      1.000022



                                 dacSP         dcct1         dcct2         dacRB
Final measured offsets mean: -0.000063     -0.000240     -0.000316      0.000034
Final measured offsets stdev: 0.000218      0.000116      0.000128      0.000134
Final measured gains mean:    0.999989      0.999991      0.999984      1.000005
Final measured gains stdev:   0.000021      0.000013      0.000012      0.000010

Saving channel 2 calibration constants to qspi








Page 2 of 4lab{3}Chan3
Burden resistor = 33.3333

Measuring initial gains and offsets
       Itest       dacSP       dcct1       dcct2       dacRB         err
   -1.000180    1.002198   -1.008581   -1.010254    1.003264    0.011578
  -27.001047   26.980276  -26.799553  -26.822521   27.037415   -0.005786

                                   dacSP         dcct1         dcct2         dacRB
Initial measured offsets:      -0.002895     -0.016475     -0.017330      0.000000
Initial measured gains:         0.999124      0.991927      0.992746      1.002158
Gain corrections:               0.999124      1.008138      1.007307      1.000000

Writing gain and offset corrections for dacSP, dcct1, and dcct2 to PSC

Measuring DAC readback gain and offset
DAC SP   DAC RB
1.000000   1.003259 
27.000000   27.036339 

Measured offset: 0.001987
Measured gain: 1.001272
Gain correction: 0.998729

Writing gain and offset constants for dacRB to PSC

Verification
       Itest       dacSP       dcct1       dcct2       dacRB         err
   -1.000126    1.000031   -1.000391   -1.000175    1.000468    0.035517
  -27.001159   27.001090  -27.001293  -27.001095   27.001850    0.015032


                                 dacSP         dcct1         dcct2         dacRB
Final measured offsets:       0.000096     -0.000269     -0.000053      0.000425
Final measured gains:         1.000001      0.999995      0.999996      1.000012



                                 dacSP         dcct1         dcct2         dacRB
Final measured offsets mean: -0.000012     -0.000298     -0.000146      0.000552
Final measured offsets stdev: 0.000238      0.000198      0.000121      0.000235
Final measured gains mean:    0.999989      0.999985      0.999985      1.000008
Final measured gains stdev:   0.000019      0.000014      0.000011      0.000006

Saving channel 3 calibration constants to qspi








Page 3 of 4lab{3}Chan4
Burden resistor = 33.3333

Measuring initial gains and offsets
       Itest       dacSP       dcct1       dcct2       dacRB         err
   -1.000242    1.003250   -1.011081   -1.008111    1.001647    0.049934
  -27.001020   27.000156  -26.820248  -26.818611   27.056601    0.059522

                                   dacSP         dcct1         dcct2         dacRB
Initial measured offsets:      -0.003157     -0.018210     -0.015189      0.000000
Initial measured gains:         0.999851      0.992631      0.992682      1.002233
Gain corrections:               0.999851      1.007424      1.007372      1.000000

Writing gain and offset corrections for dacSP, dcct1, and dcct2 to PSC

Measuring DAC readback gain and offset
DAC SP   DAC RB
1.000000   1.001450 
27.000000   27.055105 

Measured offset: -0.000614
Measured gain: 1.002064
Gain correction: 0.997941

Writing gain and offset constants for dacRB to PSC

Verification
       Itest       dacSP       dcct1       dcct2       dacRB         err
   -1.000382    1.000215   -1.000617   -1.000373    0.999800    0.040795
  -27.001095   27.000474  -27.000910  -27.000996   27.000864    0.013333


                                 dacSP         dcct1         dcct2         dacRB
Final measured offsets:       0.000149     -0.000251      0.000006     -0.000446
Final measured gains:         0.999983      0.999984      0.999997      1.000031



                                 dacSP         dcct1         dcct2         dacRB
Final measured offsets mean:  0.000126     -0.000249     -0.000066     -0.000436
Final measured offsets stdev: 0.000157      0.000088      0.000101      0.000104
Final measured gains mean:    0.999996      0.999988      0.999995      1.000015
Final measured gains stdev:   0.000010      0.000006      0.000003      0.000017

Saving channel 4 calibration constants to qspi





Test data reviewed by ______________________________   Date_____________


Page 4 of 4