Report of Calibration
PSC 4CH-MSS-AR Slow XY Corr_S/N 0004
2025-12-11 19:39:00

Calibration Current standard: BNL PSC ATE S/N 001
Calibration Volt standard: HP 3458A-002 S/N 2823A 23647
Calibration Resistance standard: Fluke 742A-1 S/N 1063008
End Header


lab{2}Chan1
Burden resistor = 33.3333

Measuring initial gains and offsets
       Itest       dacSP       dcct1       dcct2       dacRB         err
   -1.001367    1.004356   -1.011316   -1.012932    1.000430    0.040499
  -27.001619   27.011463  -26.821638  -26.822601   27.045866    0.058921

                                   dacSP         dcct1         dcct2         dacRB
Initial measured offsets:      -0.002725     -0.017264     -0.018905      0.000000
Initial measured gains:         1.000264      0.992695      0.992670      1.001474
Gain corrections:               1.000264      1.007359      1.007384      1.000000

Writing gain and offset corrections for dacSP, dcct1, and dcct2 to PSC

Measuring DAC readback gain and offset
DAC SP   DAC RB
1.000000   0.999125 
27.000000   27.044420 

Measured offset: -0.002617
Measured gain: 1.001742
Gain correction: 0.998261

Writing gain and offset constants for dacRB to PSC

Verification
       Itest       dacSP       dcct1       dcct2       dacRB         err
   -1.001360    1.001460   -1.001395   -1.001613    1.001411    0.053422
  -27.001508   27.000901  -27.001013  -27.001127   27.000618    0.038458


                                 dacSP         dcct1         dcct2         dacRB
Final measured offsets:      -0.000127     -0.000055     -0.000277     -0.000039
Final measured gains:         0.999973      0.999980      0.999976      0.999991



                                 dacSP         dcct1         dcct2         dacRB
Final measured offsets mean:  0.000032     -0.000046     -0.000145      0.000015
Final measured offsets stdev: 0.000350      0.000074      0.000103      0.000168
Final measured gains mean:    0.999986      0.999986      0.999987      1.000001
Final measured gains stdev:   0.000012      0.000005      0.000007      0.000013

Saving channel 1 calibration constants to qspi



Page 1 of 4lab{2}Chan2
Burden resistor = 33.3333

Measuring initial gains and offsets
       Itest       dacSP       dcct1       dcct2       dacRB         err
   -1.000440    1.002615   -1.008054   -1.010086    0.997218    0.038604
  -27.000838   27.013042  -26.817204  -26.809576   27.075533    0.057240

                                   dacSP         dcct1         dcct2         dacRB
Initial measured offsets:      -0.001789     -0.014973     -0.017376      0.000000
Initial measured gains:         1.000386      0.992644      0.992273      1.002610
Gain corrections:               1.000386      1.007410      1.007787      1.000000

Writing gain and offset corrections for dacSP, dcct1, and dcct2 to PSC

Measuring DAC readback gain and offset
DAC SP   DAC RB
1.000000   0.996927 
27.000000   27.074890 

Measured offset: -0.006072
Measured gain: 1.002999
Gain correction: 0.997010

Writing gain and offset constants for dacRB to PSC

Verification
       Itest       dacSP       dcct1       dcct2       dacRB         err
   -1.000327    1.000545   -1.000612   -1.000615    0.999997    0.053800
  -27.000871   27.000496  -27.000664  -27.000824   27.000311    0.042657


                                 dacSP         dcct1         dcct2         dacRB
Final measured offsets:      -0.000241     -0.000304     -0.000301     -0.000562
Final measured gains:         0.999977      0.999981      0.999987      1.000014



                                 dacSP         dcct1         dcct2         dacRB
Final measured offsets mean: -0.000207     -0.000141     -0.000160     -0.000512
Final measured offsets stdev: 0.000218      0.000129      0.000106      0.000251
Final measured gains mean:    0.999978      0.999988      0.999987      1.000012
Final measured gains stdev:   0.000004      0.000005      0.000004      0.000014

Saving channel 2 calibration constants to qspi








Page 2 of 4lab{2}Chan3
Burden resistor = 33.3333

Measuring initial gains and offsets
       Itest       dacSP       dcct1       dcct2       dacRB         err
   -0.999984    1.005148   -1.010312   -1.011944    1.002552    0.013426
  -27.000990   27.000963  -26.802376  -26.837170   27.046360    0.055657

                                   dacSP         dcct1         dcct2         dacRB
Initial measured offsets:      -0.005363     -0.018363     -0.018720      0.000000
Initial measured gains:         0.999800      0.991964      0.993239      1.001846
Gain corrections:               0.999800      1.008101      1.006807      1.000000

Writing gain and offset corrections for dacSP, dcct1, and dcct2 to PSC

Measuring DAC readback gain and offset
DAC SP   DAC RB
1.000000   1.002848 
27.000000   27.045605 

Measured offset: 0.001203
Measured gain: 1.001644
Gain correction: 0.998358

Writing gain and offset constants for dacRB to PSC

Verification
       Itest       dacSP       dcct1       dcct2       dacRB         err
   -1.000241    0.999990   -1.000219   -1.000218    1.001039    0.044821
  -27.001082   27.000918  -27.000847  -27.001024   27.001467    0.048996


                                 dacSP         dcct1         dcct2         dacRB
Final measured offsets:       0.000254      0.000013      0.000022      0.001068
Final measured gains:         1.000003      0.999992      0.999999      0.999981



                                 dacSP         dcct1         dcct2         dacRB
Final measured offsets mean:  0.000196     -0.000095     -0.000148      0.000877
Final measured offsets stdev: 0.000117      0.000115      0.000140      0.000201
Final measured gains mean:    1.000002      0.999994      0.999993      0.999991
Final measured gains stdev:   0.000012      0.000011      0.000007      0.000015

Saving channel 3 calibration constants to qspi








Page 3 of 4lab{2}Chan4
Burden resistor = 33.3333

Measuring initial gains and offsets
       Itest       dacSP       dcct1       dcct2       dacRB         err
   -1.000080    1.005490   -1.008168   -1.010190    0.999778    0.055016
  -27.000889   27.002723  -26.809765  -26.809587   27.074993    0.042447

                                   dacSP         dcct1         dcct2         dacRB
Initial measured offsets:      -0.005547     -0.015751     -0.017857      0.000000
Initial measured gains:         0.999862      0.992338      0.992254      1.003000
Gain corrections:               0.999862      1.007721      1.007807      1.000000

Writing gain and offset corrections for dacSP, dcct1, and dcct2 to PSC

Measuring DAC readback gain and offset
DAC SP   DAC RB
1.000000   0.999811 
27.000000   27.074375 

Measured offset: -0.003057
Measured gain: 1.002868
Gain correction: 0.997140

Writing gain and offset constants for dacRB to PSC

Verification
       Itest       dacSP       dcct1       dcct2       dacRB         err
   -0.999901    1.000011   -1.000293   -1.000042    0.999816    0.059389
  -27.000854   27.000910  -27.001127  -27.000919   27.000975    0.030660


                                 dacSP         dcct1         dcct2         dacRB
Final measured offsets:      -0.000112     -0.000396     -0.000144     -0.000205
Final measured gains:         0.999998      0.999995      0.999997      1.000010



                                 dacSP         dcct1         dcct2         dacRB
Final measured offsets mean: -0.000031     -0.000353     -0.000228     -0.000359
Final measured offsets stdev: 0.000157      0.000091      0.000150      0.000112
Final measured gains mean:    0.999992      0.999988      0.999990      1.000003
Final measured gains stdev:   0.000014      0.000009      0.000008      0.000005

Saving channel 4 calibration constants to qspi





Test data reviewed by ______________________________   Date_____________


Page 4 of 4