Report of Calibration
PSC 4CH-MSF-AR-Fast XY Corr_S/N 0005
2025-10-14 09:54:18

Calibration Current standard: BNL PSC ATE S/N 001
Calibration Volt standard: HP 3458A-002 S/N 2823A 23647
Calibration Resistance standard: Fluke 742A-1 S/N 1063008
End Header


lab{1}Chan1
Burden resistor = 33.3333

Measuring initial gains and offsets
       Itest       dacSP       dcct1       dcct2       dacRB         err
   -1.000051    1.003188   -1.009006   -1.009472    0.999745    0.041098
  -26.998335   26.997296  -26.813158  -26.816259   27.026011    0.037844

                                   dacSP         dcct1         dcct2         dacRB
Initial measured offsets:      -0.003298     -0.016422     -0.016787      0.000000
Initial measured gains:         0.999839      0.992533      0.992634      1.001237
Gain corrections:               0.999839      1.007523      1.007420      1.000000

Writing gain and offset corrections for dacSP, dcct1, and dcct2 to PSC

Measuring DAC readback gain and offset
DAC SP   DAC RB
1.000000   1.000003 
27.000000   27.027649 

Measured offset: -0.001061
Measured gain: 1.001063
Gain correction: 0.998938

Writing gain and offset constants for dacRB to PSC

Verification
       Itest       dacSP       dcct1       dcct2       dacRB         err
   -0.999874    0.999503   -1.000403   -1.000406    0.999273   -0.032009
  -26.998505   26.998285  -26.998505  -26.998375   26.998650    0.047878


                                 dacSP         dcct1         dcct2         dacRB
Final measured offsets:       0.000377     -0.000549     -0.000557     -0.000253
Final measured gains:         1.000006      0.999980      0.999975      1.000023



                                 dacSP         dcct1         dcct2         dacRB
Final measured offsets mean:  0.000009     -0.000327     -0.000427     -0.000318
Final measured offsets stdev: 0.000233      0.000188      0.000086      0.000129
Final measured gains mean:    0.999984      0.999984      0.999980      1.000019
Final measured gains stdev:   0.000013      0.000005      0.000005      0.000014

Saving channel 1 calibration constants to qspi



Page 1 of 4lab{1}Chan2
Burden resistor = 33.3333

Measuring initial gains and offsets
       Itest       dacSP       dcct1       dcct2       dacRB         err
   -1.000329    1.002277   -1.009757   -1.009881    0.997042    0.035000
  -26.998831   26.985366  -26.801811  -26.812111   26.995146    0.028553

                                   dacSP         dcct1         dcct2         dacRB
Initial measured offsets:      -0.002541     -0.017371     -0.017104      0.000000
Initial measured gains:         0.999407      0.992059      0.992451      1.000578
Gain corrections:               0.999407      1.008004      1.007607      1.000000

Writing gain and offset corrections for dacSP, dcct1, and dcct2 to PSC

Measuring DAC readback gain and offset
DAC SP   DAC RB
1.000000   0.996850 
27.000000   26.996632 

Measured offset: -0.003141
Measured gain: 0.999992
Gain correction: 1.000008

Writing gain and offset constants for dacRB to PSC

Verification
       Itest       dacSP       dcct1       dcct2       dacRB         err
   -1.000188    0.999828   -1.000348   -1.000277    1.000359    0.009676
  -26.998802   26.998390  -26.998722  -26.998793   26.998495    0.018082


                                 dacSP         dcct1         dcct2         dacRB
Final measured offsets:       0.000358     -0.000169     -0.000093      0.000547
Final measured gains:         0.999998      0.999991      0.999996      0.999984



                                 dacSP         dcct1         dcct2         dacRB
Final measured offsets mean:  0.000017     -0.000246     -0.000199     -0.000304
Final measured offsets stdev: 0.000201      0.000101      0.000069      0.000433
Final measured gains mean:    0.999979      0.999982      0.999985      1.000000
Final measured gains stdev:   0.000013      0.000009      0.000010      0.000010

Saving channel 2 calibration constants to qspi








Page 2 of 4lab{1}Chan3
Burden resistor = 33.3333

Measuring initial gains and offsets
       Itest       dacSP       dcct1       dcct2       dacRB         err
   -1.000141    1.000848   -1.008253   -1.009289    1.002223    0.024776
  -26.998601   26.983472  -26.800753  -26.817192   27.031898    0.023963

                                   dacSP         dcct1         dcct2         dacRB
Initial measured offsets:      -0.001316     -0.016035     -0.016479      0.000000
Initial measured gains:         0.999391      0.992078      0.992670      1.001811
Gain corrections:               0.999391      1.007985      1.007384      1.000000

Writing gain and offset corrections for dacSP, dcct1, and dcct2 to PSC

Measuring DAC readback gain and offset
DAC SP   DAC RB
1.000000   1.002212 
27.000000   27.033249 

Measured offset: 0.001018
Measured gain: 1.001194
Gain correction: 0.998808

Writing gain and offset constants for dacRB to PSC

Verification
       Itest       dacSP       dcct1       dcct2       dacRB         err
   -1.000098    1.000282   -1.000194   -1.000564    1.000567    0.059811
  -26.998579   26.999307  -26.998919  -26.999113   26.999281    0.055098


                                 dacSP         dcct1         dcct2         dacRB
Final measured offsets:      -0.000163     -0.000087     -0.000464      0.000297
Final measured gains:         1.000021      1.000009      1.000003      0.999988



                                 dacSP         dcct1         dcct2         dacRB
Final measured offsets mean: -0.000086     -0.000254     -0.000273      0.000839
Final measured offsets stdev: 0.000078      0.000129      0.000106      0.000412
Final measured gains mean:    0.999988      0.999989      0.999991      0.999992
Final measured gains stdev:   0.000018      0.000013      0.000009      0.000012

Saving channel 3 calibration constants to qspi








Page 3 of 4lab{1}Chan4
Burden resistor = 33.3333

Measuring initial gains and offsets
       Itest       dacSP       dcct1       dcct2       dacRB         err
   -1.000028    1.001592   -1.011488   -1.010539    0.998742    0.023749
  -26.998540   26.999053  -26.816792  -26.819584   27.025518    0.053830

                                   dacSP         dcct1         dcct2         dacRB
Initial measured offsets:      -0.001605     -0.018891     -0.017799      0.000000
Initial measured gains:         0.999960      0.992568      0.992712      1.001128
Gain corrections:               0.999960      1.007487      1.007341      1.000000

Writing gain and offset corrections for dacSP, dcct1, and dcct2 to PSC

Measuring DAC readback gain and offset
DAC SP   DAC RB
1.000000   0.998681 
27.000000   27.027184 

Measured offset: -0.002415
Measured gain: 1.001096
Gain correction: 0.998905

Writing gain and offset constants for dacRB to PSC

Verification
       Itest       dacSP       dcct1       dcct2       dacRB         err
   -0.999837    0.999726   -1.000079   -1.000004    0.999065   -0.007533
  -26.998628   26.998399  -26.998817  -26.998764   26.997816    0.045488


                                 dacSP         dcct1         dcct2         dacRB
Final measured offsets:       0.000107     -0.000244     -0.000168     -0.000664
Final measured gains:         0.999995      0.999998      0.999999      1.000003



                                 dacSP         dcct1         dcct2         dacRB
Final measured offsets mean:  0.000072     -0.000236     -0.000101     -0.000477
Final measured offsets stdev: 0.000118      0.000124      0.000133      0.000215
Final measured gains mean:    0.999993      0.999991      0.999993      1.000013
Final measured gains stdev:   0.000011      0.000010      0.000010      0.000017

Saving channel 4 calibration constants to qspi





Test data reviewed by ______________________________   Date_____________


Page 4 of 4