Report of Calibration
PSC 4CH-MSF-AR-Fast XY Corr_S/N 0017
2025-09-25 10:01:40

Calibration Current standard: BNL PSC ATE S/N 001
Calibration Volt standard: HP 3458A-002 S/N 2823A 23647
Calibration Resistance standard: Fluke 742A-1 S/N 1063008
End Header


lab{1}Chan1
Burden resistor = 33.3333

Measuring initial gains and offsets
       Itest       dacSP       dcct1       dcct2       dacRB         err
   -1.000297    1.003093   -1.011863   -1.010583    0.994871   -0.127945
  -26.998089   27.002206  -26.820122  -26.817013   27.017876   -0.063720

                                   dacSP         dcct1         dcct2         dacRB
Initial measured offsets:      -0.002746     -0.018859     -0.017649      0.000000
Initial measured gains:         1.000051      0.992710      0.992639      1.000919
Gain corrections:               1.000051      1.007344      1.007415      1.000000

Writing gain and offset corrections for dacSP, dcct1, and dcct2 to PSC

Measuring DAC readback gain and offset
DAC SP   DAC RB
1.000000   0.994625 
27.000000   27.020134 

Measured offset: -0.006357
Measured gain: 1.000981
Gain correction: 0.999020

Writing gain and offset constants for dacRB to PSC

Verification
       Itest       dacSP       dcct1       dcct2       dacRB         err
   -1.000519    1.001902   -1.000494   -1.000552    1.001203   -0.077633
  -26.998127   27.000462  -26.997877  -26.997969   27.000013    0.017072


                                 dacSP         dcct1         dcct2         dacRB
Final measured offsets:      -0.001346      0.000016     -0.000041     -0.000708
Final measured gains:         1.000037      0.999991      0.999993      1.000010



                                 dacSP         dcct1         dcct2         dacRB
Final measured offsets mean: -0.001338     -0.000159     -0.000142     -0.000382
Final measured offsets stdev: 0.000090      0.000115      0.000133      0.000298
Final measured gains mean:    1.000044      0.999982      0.999983      1.000003
Final measured gains stdev:   0.000011      0.000007      0.000007      0.000008

Saving channel 1 calibration constants to qspi



Page 1 of 4lab{1}Chan2
Burden resistor = 33.3333

Measuring initial gains and offsets
       Itest       dacSP       dcct1       dcct2       dacRB         err
   -1.000363    1.002002   -1.009847   -1.010246    0.993468   -0.080055
  -26.998168   27.004693  -26.828575  -26.824375   27.037643   -0.167958

                                   dacSP         dcct1         dcct2         dacRB
Initial measured offsets:      -0.001450     -0.016375     -0.016950      0.000000
Initial measured gains:         1.000188      0.993112      0.992935      1.001595
Gain corrections:               1.000188      1.006936      1.007115      1.000000

Writing gain and offset corrections for dacSP, dcct1, and dcct2 to PSC

Measuring DAC readback gain and offset
DAC SP   DAC RB
1.000000   0.993320 
27.000000   27.039503 

Measured offset: -0.008456
Measured gain: 1.001776
Gain correction: 0.998227

Writing gain and offset constants for dacRB to PSC

Verification
       Itest       dacSP       dcct1       dcct2       dacRB         err
   -0.999911    1.001259   -1.000726   -1.000447    1.001713   -0.050082
  -26.997896   27.001770  -26.998243  -26.998024   27.002163   -0.039496


                                 dacSP         dcct1         dcct2         dacRB
Final measured offsets:      -0.001251     -0.000834     -0.000552      0.000457
Final measured gains:         1.000097      0.999982      0.999984      0.999998



                                 dacSP         dcct1         dcct2         dacRB
Final measured offsets mean: -0.001018     -0.000249     -0.000214      0.000386
Final measured offsets stdev: 0.000165      0.000342      0.000197      0.000373
Final measured gains mean:    1.000102      0.999980      0.999976      0.999987
Final measured gains stdev:   0.000023      0.000015      0.000015      0.000015

Saving channel 2 calibration constants to qspi








Page 2 of 4lab{1}Chan3
Burden resistor = 33.3333

Measuring initial gains and offsets
       Itest       dacSP       dcct1       dcct2       dacRB         err
   -0.999896    1.001108   -1.010929   -1.010850    0.999114   -0.051401
  -26.998010   26.996628  -26.804840  -26.823126   27.027546    0.187760

                                   dacSP         dcct1         dcct2         dacRB
Initial measured offsets:      -0.001312     -0.018887     -0.018102      0.000000
Initial measured gains:         0.999900      0.992145      0.992852      1.001266
Gain corrections:               0.999900      1.007917      1.007200      1.000000

Writing gain and offset corrections for dacSP, dcct1, and dcct2 to PSC

Measuring DAC readback gain and offset
DAC SP   DAC RB
1.000000   0.999306 
27.000000   27.029263 

Measured offset: -0.001846
Measured gain: 1.001152
Gain correction: 0.998849

Writing gain and offset constants for dacRB to PSC

Verification
       Itest       dacSP       dcct1       dcct2       dacRB         err
   -0.999855    1.000611   -1.000067   -1.000001    1.000759   -0.025761
  -26.998002   26.996979  -26.998066  -26.998070   26.997280    0.155077


                                 dacSP         dcct1         dcct2         dacRB
Final measured offsets:      -0.000825     -0.000218     -0.000149      0.000142
Final measured gains:         0.999932      0.999994      0.999997      1.000006



                                 dacSP         dcct1         dcct2         dacRB
Final measured offsets mean: -0.000796     -0.000172     -0.000155      0.000124
Final measured offsets stdev: 0.000071      0.000043      0.000156      0.000027
Final measured gains mean:    0.999945      0.999988      0.999988      1.000008
Final measured gains stdev:   0.000009      0.000010      0.000009      0.000007

Saving channel 3 calibration constants to qspi








Page 3 of 4lab{1}Chan4
Burden resistor = 33.3333

Measuring initial gains and offsets
       Itest       dacSP       dcct1       dcct2       dacRB         err
   -0.999714    1.001213   -1.011637   -1.010894    0.996286   -0.041964
  -26.997610   26.999888  -26.819344  -26.825495   27.053690    0.045181

                                   dacSP         dcct1         dcct2         dacRB
Initial measured offsets:      -0.001469     -0.019237     -0.018229      0.000000
Initial measured gains:         1.000030      0.992684      0.992950      1.002259
Gain corrections:               1.000030      1.007369      1.007100      1.000000

Writing gain and offset corrections for dacSP, dcct1, and dcct2 to PSC

Measuring DAC readback gain and offset
DAC SP   DAC RB
1.000000   0.996839 
27.000000   27.056398 

Measured offset: -0.005451
Measured gain: 1.002291
Gain correction: 0.997715

Writing gain and offset constants for dacRB to PSC

Verification
       Itest       dacSP       dcct1       dcct2       dacRB         err
   -0.999646    1.000468   -0.999652   -0.999885    0.999948   -0.009588
  -26.997636   26.998844  -26.997580  -26.997845   26.998299    0.083856


                                 dacSP         dcct1         dcct2         dacRB
Final measured offsets:      -0.000808     -0.000008     -0.000240     -0.000520
Final measured gains:         1.000015      0.999998      0.999999      0.999999



                                 dacSP         dcct1         dcct2         dacRB
Final measured offsets mean: -0.000747     -0.000024     -0.000134     -0.000407
Final measured offsets stdev: 0.000067      0.000091      0.000096      0.000388
Final measured gains mean:    1.000022      0.999990      0.999991      1.000012
Final measured gains stdev:   0.000006      0.000006      0.000006      0.000012

Saving channel 4 calibration constants to qspi





Test data reviewed by ______________________________   Date_____________


Page 4 of 4